# SDBL flow 
# z uq vq pqx pqy wfls dqtdxls dqtdyls dqtdtls dthlrad      
0.468750000000000    0.000000     0.000000     0.000000000  0.000000     0.000000000     0.000000     0.000000     0.000000     0.000000000000   
1.406250000000000    0.000000     0.000000     0.000000000  0.000000     0.000000000     0.000000     0.000000     0.000000     0.000000000000   
2.343750000000000    0.000000     0.000000     0.000000000  0.000000     0.000000000     0.000000     0.000000     0.000000     0.000000000000   
3.281250000000000    0.000000     0.000000     0.000000000  0.000000     0.000000000     0.000000     0.000000     0.000000     0.000000000000   
4.218750000000000    0.000000     0.000000     0.000000000  0.000000     0.000000000     0.000000     0.000000     0.000000     0.000000000000   
5.156250000000000    0.000000     0.000000     0.000000000  0.000000     0.000000000     0.000000     0.000000     0.000000     0.000000000000   
6.093750000000000    0.000000     0.000000     0.000000000  0.000000     0.000000000     0.000000     0.000000     0.000000     0.000000000000   
7.031250000000000    0.000000     0.000000     0.000000000  0.000000     0.000000000     0.000000     0.000000     0.000000     0.000000000000   
7.968750000000000    0.000000     0.000000     0.000000000  0.000000     0.000000000     0.000000     0.000000     0.000000     0.000000000000   
8.906250000000000    0.000000     0.000000     0.000000000  0.000000     0.000000000     0.000000     0.000000     0.000000     0.000000000000   
9.843750000000000    0.000000     0.000000     0.000000000  0.000000     0.000000000     0.000000     0.000000     0.000000     0.000000000000   
10.781250000000000   0.000000     0.000000     0.000000000  0.000000     0.000000000     0.000000     0.000000     0.000000     0.000000000000   
11.718750000000000   0.000000     0.000000     0.000000000  0.000000     0.000000000     0.000000     0.000000     0.000000     0.000000000000   
12.656250000000000   0.000000     0.000000     0.000000000  0.000000     0.000000000     0.000000     0.000000     0.000000     0.000000000000   
13.593750000000000   0.000000     0.000000     0.000000000  0.000000     0.000000000     0.000000     0.000000     0.000000     0.000000000000   
14.531250000000000   0.000000     0.000000     0.000000000  0.000000     0.000000000     0.000000     0.000000     0.000000     0.000000000000   
15.468750000000000   0.000000     0.000000     0.000000000  0.000000     0.000000000     0.000000     0.000000     0.000000     0.000000000000   
16.406250000000000   0.000000     0.000000     0.000000000  0.000000     0.000000000     0.000000     0.000000     0.000000     0.000000000000   
17.343750000000000   0.000000     0.000000     0.000000000  0.000000     0.000000000     0.000000     0.000000     0.000000     0.000000000000   
18.281250000000000   0.000000     0.000000     0.000000000  0.000000     0.000000000     0.000000     0.000000     0.000000     0.000000000000   
19.218750000000000   0.000000     0.000000     0.000000000  0.000000     0.000000000     0.000000     0.000000     0.000000     0.000000000000   
20.156250000000000   0.000000     0.000000     0.000000000  0.000000     0.000000000     0.000000     0.000000     0.000000     0.000000000000   
21.093750000000000   0.000000     0.000000     0.000000000  0.000000     0.000000000     0.000000     0.000000     0.000000     0.000000000000   
22.031250000000000   0.000000     0.000000     0.000000000  0.000000     0.000000000     0.000000     0.000000     0.000000     0.000000000000   
22.968750000000000   0.000000     0.000000     0.000000000  0.000000     0.000000000     0.000000     0.000000     0.000000     0.000000000000   
23.906250000000000   0.000000     0.000000     0.000000000  0.000000     0.000000000     0.000000     0.000000     0.000000     0.000000000000   
24.843750000000000   0.000000     0.000000     0.000000000  0.000000     0.000000000     0.000000     0.000000     0.000000     0.000000000000   
25.781250000000000   0.000000     0.000000     0.000000000  0.000000     0.000000000     0.000000     0.000000     0.000000     0.000000000000   
26.718750000000000   0.000000     0.000000     0.000000000  0.000000     0.000000000     0.000000     0.000000     0.000000     0.000000000000   
27.656250000000000   0.000000     0.000000     0.000000000  0.000000     0.000000000     0.000000     0.000000     0.000000     0.000000000000   
28.593750000000000   0.000000     0.000000     0.000000000  0.000000     0.000000000     0.000000     0.000000     0.000000     0.000000000000   
29.531250000000000   0.000000     0.000000     0.000000000  0.000000     0.000000000     0.000000     0.000000     0.000000     0.000000000000   
30.468750000000000   0.000000     0.000000     0.000000000  0.000000     0.000000000     0.000000     0.000000     0.000000     0.000000000000   
31.406250000000000   0.000000     0.000000     0.000000000  0.000000     0.000000000     0.000000     0.000000     0.000000     0.000000000000   
32.343750000000000   0.000000     0.000000     0.000000000  0.000000     0.000000000     0.000000     0.000000     0.000000     0.000000000000   
33.281250000000000   0.000000     0.000000     0.000000000  0.000000     0.000000000     0.000000     0.000000     0.000000     0.000000000000   
34.218750000000000   0.000000     0.000000     0.000000000  0.000000     0.000000000     0.000000     0.000000     0.000000     0.000000000000   
35.156250000000000   0.000000     0.000000     0.000000000  0.000000     0.000000000     0.000000     0.000000     0.000000     0.000000000000   
36.093750000000000   0.000000     0.000000     0.000000000  0.000000     0.000000000     0.000000     0.000000     0.000000     0.000000000000   
37.031250000000000   0.000000     0.000000     0.000000000  0.000000     0.000000000     0.000000     0.000000     0.000000     0.000000000000   
37.968750000000000   0.000000     0.000000     0.000000000  0.000000     0.000000000     0.000000     0.000000     0.000000     0.000000000000   
38.906250000000000   0.000000     0.000000     0.000000000  0.000000     0.000000000     0.000000     0.000000     0.000000     0.000000000000   
39.843750000000000   0.000000     0.000000     0.000000000  0.000000     0.000000000     0.000000     0.000000     0.000000     0.000000000000   
40.781250000000000   0.000000     0.000000     0.000000000  0.000000     0.000000000     0.000000     0.000000     0.000000     0.000000000000   
41.718750000000000   0.000000     0.000000     0.000000000  0.000000     0.000000000     0.000000     0.000000     0.000000     0.000000000000   
42.656250000000000   0.000000     0.000000     0.000000000  0.000000     0.000000000     0.000000     0.000000     0.000000     0.000000000000   
43.593750000000000   0.000000     0.000000     0.000000000  0.000000     0.000000000     0.000000     0.000000     0.000000     0.000000000000   
44.531250000000000   0.000000     0.000000     0.000000000  0.000000     0.000000000     0.000000     0.000000     0.000000     0.000000000000   
45.468750000000000   0.000000     0.000000     0.000000000  0.000000     0.000000000     0.000000     0.000000     0.000000     0.000000000000   
46.406250000000000   0.000000     0.000000     0.000000000  0.000000     0.000000000     0.000000     0.000000     0.000000     0.000000000000   
47.343750000000000   0.000000     0.000000     0.000000000  0.000000     0.000000000     0.000000     0.000000     0.000000     0.000000000000   
48.281250000000000   0.000000     0.000000     0.000000000  0.000000     0.000000000     0.000000     0.000000     0.000000     0.000000000000   
49.218750000000000   0.000000     0.000000     0.000000000  0.000000     0.000000000     0.000000     0.000000     0.000000     0.000000000000   
50.156250000000000   0.000000     0.000000     0.000000000  0.000000     0.000000000     0.000000     0.000000     0.000000     0.000000000000   
51.093750000000000   0.000000     0.000000     0.000000000  0.000000     0.000000000     0.000000     0.000000     0.000000     0.000000000000   
52.031250000000000   0.000000     0.000000     0.000000000  0.000000     0.000000000     0.000000     0.000000     0.000000     0.000000000000   
52.968750000000000   0.000000     0.000000     0.000000000  0.000000     0.000000000     0.000000     0.000000     0.000000     0.000000000000   
53.906250000000000   0.000000     0.000000     0.000000000  0.000000     0.000000000     0.000000     0.000000     0.000000     0.000000000000   
54.843750000000000   0.000000     0.000000     0.000000000  0.000000     0.000000000     0.000000     0.000000     0.000000     0.000000000000   
55.781250000000000   0.000000     0.000000     0.000000000  0.000000     0.000000000     0.000000     0.000000     0.000000     0.000000000000   
56.718750000000000   0.000000     0.000000     0.000000000  0.000000     0.000000000     0.000000     0.000000     0.000000     0.000000000000   
57.656250000000000   0.000000     0.000000     0.000000000  0.000000     0.000000000     0.000000     0.000000     0.000000     0.000000000000   
58.593750000000000   0.000000     0.000000     0.000000000  0.000000     0.000000000     0.000000     0.000000     0.000000     0.000000000000   
59.531250000000000   0.000000     0.000000     0.000000000  0.000000     0.000000000     0.000000     0.000000     0.000000     0.000000000000   
60.468750000000000   0.000000     0.000000     0.000000000  0.000000     0.000000000     0.000000     0.000000     0.000000     0.000000000000   
61.406250000000000   0.000000     0.000000     0.000000000  0.000000     0.000000000     0.000000     0.000000     0.000000     0.000000000000   
62.343750000000000   0.000000     0.000000     0.000000000  0.000000     0.000000000     0.000000     0.000000     0.000000     0.000000000000   
63.281250000000000   0.000000     0.000000     0.000000000  0.000000     0.000000000     0.000000     0.000000     0.000000     0.000000000000   
64.218750000000000   0.000000     0.000000     0.000000000  0.000000     0.000000000     0.000000     0.000000     0.000000     0.000000000000   
65.156250000000000   0.000000     0.000000     0.000000000  0.000000     0.000000000     0.000000     0.000000     0.000000     0.000000000000   
66.093750000000000   0.000000     0.000000     0.000000000  0.000000     0.000000000     0.000000     0.000000     0.000000     0.000000000000   
67.031250000000000   0.000000     0.000000     0.000000000  0.000000     0.000000000     0.000000     0.000000     0.000000     0.000000000000   
67.968750000000000   0.000000     0.000000     0.000000000  0.000000     0.000000000     0.000000     0.000000     0.000000     0.000000000000   
68.906250000000000   0.000000     0.000000     0.000000000  0.000000     0.000000000     0.000000     0.000000     0.000000     0.000000000000   
69.843750000000000   0.000000     0.000000     0.000000000  0.000000     0.000000000     0.000000     0.000000     0.000000     0.000000000000   
70.781250000000000   0.000000     0.000000     0.000000000  0.000000     0.000000000     0.000000     0.000000     0.000000     0.000000000000   
71.718750000000000   0.000000     0.000000     0.000000000  0.000000     0.000000000     0.000000     0.000000     0.000000     0.000000000000   
72.656250000000000   0.000000     0.000000     0.000000000  0.000000     0.000000000     0.000000     0.000000     0.000000     0.000000000000   
73.593750000000000   0.000000     0.000000     0.000000000  0.000000     0.000000000     0.000000     0.000000     0.000000     0.000000000000   
74.531250000000000   0.000000     0.000000     0.000000000  0.000000     0.000000000     0.000000     0.000000     0.000000     0.000000000000   
75.468750000000000   0.000000     0.000000     0.000000000  0.000000     0.000000000     0.000000     0.000000     0.000000     0.000000000000   
76.406250000000000   0.000000     0.000000     0.000000000  0.000000     0.000000000     0.000000     0.000000     0.000000     0.000000000000   
77.343750000000000   0.000000     0.000000     0.000000000  0.000000     0.000000000     0.000000     0.000000     0.000000     0.000000000000   
78.281250000000000   0.000000     0.000000     0.000000000  0.000000     0.000000000     0.000000     0.000000     0.000000     0.000000000000   
79.218750000000000   0.000000     0.000000     0.000000000  0.000000     0.000000000     0.000000     0.000000     0.000000     0.000000000000   
80.156250000000000   0.000000     0.000000     0.000000000  0.000000     0.000000000     0.000000     0.000000     0.000000     0.000000000000   
81.093750000000000   0.000000     0.000000     0.000000000  0.000000     0.000000000     0.000000     0.000000     0.000000     0.000000000000   
82.031250000000000   0.000000     0.000000     0.000000000  0.000000     0.000000000     0.000000     0.000000     0.000000     0.000000000000   
82.968750000000000   0.000000     0.000000     0.000000000  0.000000     0.000000000     0.000000     0.000000     0.000000     0.000000000000   
83.906250000000000   0.000000     0.000000     0.000000000  0.000000     0.000000000     0.000000     0.000000     0.000000     0.000000000000   
84.843750000000000   0.000000     0.000000     0.000000000  0.000000     0.000000000     0.000000     0.000000     0.000000     0.000000000000   
85.781250000000000   0.000000     0.000000     0.000000000  0.000000     0.000000000     0.000000     0.000000     0.000000     0.000000000000   
86.718750000000000   0.000000     0.000000     0.000000000  0.000000     0.000000000     0.000000     0.000000     0.000000     0.000000000000   
87.656250000000000   0.000000     0.000000     0.000000000  0.000000     0.000000000     0.000000     0.000000     0.000000     0.000000000000   
88.593750000000000   0.000000     0.000000     0.000000000  0.000000     0.000000000     0.000000     0.000000     0.000000     0.000000000000   
89.531250000000000   0.000000     0.000000     0.000000000  0.000000     0.000000000     0.000000     0.000000     0.000000     0.000000000000   
90.468750000000000   0.000000     0.000000     0.000000000  0.000000     0.000000000     0.000000     0.000000     0.000000     0.000000000000   
91.406250000000000   0.000000     0.000000     0.000000000  0.000000     0.000000000     0.000000     0.000000     0.000000     0.000000000000   
92.343750000000000   0.000000     0.000000     0.000000000  0.000000     0.000000000     0.000000     0.000000     0.000000     0.000000000000   
93.281250000000000   0.000000     0.000000     0.000000000  0.000000     0.000000000     0.000000     0.000000     0.000000     0.000000000000   
94.218750000000000   0.000000     0.000000     0.000000000  0.000000     0.000000000     0.000000     0.000000     0.000000     0.000000000000   
95.156250000000000   0.000000     0.000000     0.000000000  0.000000     0.000000000     0.000000     0.000000     0.000000     0.000000000000   
96.093750000000000   0.000000     0.000000     0.000000000  0.000000     0.000000000     0.000000     0.000000     0.000000     0.000000000000   
97.031250000000000   0.000000     0.000000     0.000000000  0.000000     0.000000000     0.000000     0.000000     0.000000     0.000000000000   
97.968750000000000   0.000000     0.000000     0.000000000  0.000000     0.000000000     0.000000     0.000000     0.000000     0.000000000000   
98.906250000000000   0.000000     0.000000     0.000000000  0.000000     0.000000000     0.000000     0.000000     0.000000     0.000000000000   
99.843750000000000   0.000000     0.000000     0.000000000  0.000000     0.000000000     0.000000     0.000000     0.000000     0.000000000000   
100.781250000000000  0.000000     0.000000     0.000000000  0.000000     0.000000000     0.000000     0.000000     0.000000     0.000000000000   
101.718750000000000  0.000000     0.000000     0.000000000  0.000000     0.000000000     0.000000     0.000000     0.000000     0.000000000000   
102.656250000000000  0.000000     0.000000     0.000000000  0.000000     0.000000000     0.000000     0.000000     0.000000     0.000000000000   
103.593750000000000  0.000000     0.000000     0.000000000  0.000000     0.000000000     0.000000     0.000000     0.000000     0.000000000000   
104.531250000000000  0.000000     0.000000     0.000000000  0.000000     0.000000000     0.000000     0.000000     0.000000     0.000000000000   
105.468750000000000  0.000000     0.000000     0.000000000  0.000000     0.000000000     0.000000     0.000000     0.000000     0.000000000000   
106.406250000000000  0.000000     0.000000     0.000000000  0.000000     0.000000000     0.000000     0.000000     0.000000     0.000000000000   
107.343750000000000  0.000000     0.000000     0.000000000  0.000000     0.000000000     0.000000     0.000000     0.000000     0.000000000000   
108.281250000000000  0.000000     0.000000     0.000000000  0.000000     0.000000000     0.000000     0.000000     0.000000     0.000000000000   
109.218750000000000  0.000000     0.000000     0.000000000  0.000000     0.000000000     0.000000     0.000000     0.000000     0.000000000000   
110.156250000000000  0.000000     0.000000     0.000000000  0.000000     0.000000000     0.000000     0.000000     0.000000     0.000000000000   
111.093750000000000  0.000000     0.000000     0.000000000  0.000000     0.000000000     0.000000     0.000000     0.000000     0.000000000000   
112.031250000000000  0.000000     0.000000     0.000000000  0.000000     0.000000000     0.000000     0.000000     0.000000     0.000000000000   
112.968750000000000  0.000000     0.000000     0.000000000  0.000000     0.000000000     0.000000     0.000000     0.000000     0.000000000000   
113.906250000000000  0.000000     0.000000     0.000000000  0.000000     0.000000000     0.000000     0.000000     0.000000     0.000000000000   
114.843750000000000  0.000000     0.000000     0.000000000  0.000000     0.000000000     0.000000     0.000000     0.000000     0.000000000000   
115.781250000000000  0.000000     0.000000     0.000000000  0.000000     0.000000000     0.000000     0.000000     0.000000     0.000000000000   
116.718750000000000  0.000000     0.000000     0.000000000  0.000000     0.000000000     0.000000     0.000000     0.000000     0.000000000000   
117.656250000000000  0.000000     0.000000     0.000000000  0.000000     0.000000000     0.000000     0.000000     0.000000     0.000000000000   
118.593750000000000  0.000000     0.000000     0.000000000  0.000000     0.000000000     0.000000     0.000000     0.000000     0.000000000000   
119.531250000000000  0.000000     0.000000     0.000000000  0.000000     0.000000000     0.000000     0.000000     0.000000     0.000000000000   
120.468750000000000  0.000000     0.000000     0.000000000  0.000000     0.000000000     0.000000     0.000000     0.000000     0.000000000000   
121.406250000000000  0.000000     0.000000     0.000000000  0.000000     0.000000000     0.000000     0.000000     0.000000     0.000000000000   
122.343750000000000  0.000000     0.000000     0.000000000  0.000000     0.000000000     0.000000     0.000000     0.000000     0.000000000000   
123.281250000000000  0.000000     0.000000     0.000000000  0.000000     0.000000000     0.000000     0.000000     0.000000     0.000000000000   
124.218750000000000  0.000000     0.000000     0.000000000  0.000000     0.000000000     0.000000     0.000000     0.000000     0.000000000000   
125.156250000000000  0.000000     0.000000     0.000000000  0.000000     0.000000000     0.000000     0.000000     0.000000     0.000000000000   
126.093750000000000  0.000000     0.000000     0.000000000  0.000000     0.000000000     0.000000     0.000000     0.000000     0.000000000000   
127.031250000000000  0.000000     0.000000     0.000000000  0.000000     0.000000000     0.000000     0.000000     0.000000     0.000000000000   
127.968750000000000  0.000000     0.000000     0.000000000  0.000000     0.000000000     0.000000     0.000000     0.000000     0.000000000000   
128.906250000000000  0.000000     0.000000     0.000000000  0.000000     0.000000000     0.000000     0.000000     0.000000     0.000000000000   
129.843750000000000  0.000000     0.000000     0.000000000  0.000000     0.000000000     0.000000     0.000000     0.000000     0.000000000000   
130.781250000000000  0.000000     0.000000     0.000000000  0.000000     0.000000000     0.000000     0.000000     0.000000     0.000000000000   
131.718750000000000  0.000000     0.000000     0.000000000  0.000000     0.000000000     0.000000     0.000000     0.000000     0.000000000000   
132.656250000000000  0.000000     0.000000     0.000000000  0.000000     0.000000000     0.000000     0.000000     0.000000     0.000000000000   
133.593750000000000  0.000000     0.000000     0.000000000  0.000000     0.000000000     0.000000     0.000000     0.000000     0.000000000000   
134.531250000000000  0.000000     0.000000     0.000000000  0.000000     0.000000000     0.000000     0.000000     0.000000     0.000000000000   
135.468750000000000  0.000000     0.000000     0.000000000  0.000000     0.000000000     0.000000     0.000000     0.000000     0.000000000000   
136.406250000000000  0.000000     0.000000     0.000000000  0.000000     0.000000000     0.000000     0.000000     0.000000     0.000000000000   
137.343750000000000  0.000000     0.000000     0.000000000  0.000000     0.000000000     0.000000     0.000000     0.000000     0.000000000000   
138.281250000000000  0.000000     0.000000     0.000000000  0.000000     0.000000000     0.000000     0.000000     0.000000     0.000000000000   
139.218750000000000  0.000000     0.000000     0.000000000  0.000000     0.000000000     0.000000     0.000000     0.000000     0.000000000000   
140.156250000000000  0.000000     0.000000     0.000000000  0.000000     0.000000000     0.000000     0.000000     0.000000     0.000000000000   
141.093750000000000  0.000000     0.000000     0.000000000  0.000000     0.000000000     0.000000     0.000000     0.000000     0.000000000000   
142.031250000000000  0.000000     0.000000     0.000000000  0.000000     0.000000000     0.000000     0.000000     0.000000     0.000000000000   
142.968750000000000  0.000000     0.000000     0.000000000  0.000000     0.000000000     0.000000     0.000000     0.000000     0.000000000000   
143.906250000000000  0.000000     0.000000     0.000000000  0.000000     0.000000000     0.000000     0.000000     0.000000     0.000000000000   
144.843750000000000  0.000000     0.000000     0.000000000  0.000000     0.000000000     0.000000     0.000000     0.000000     0.000000000000   
145.781250000000000  0.000000     0.000000     0.000000000  0.000000     0.000000000     0.000000     0.000000     0.000000     0.000000000000   
146.718750000000000  0.000000     0.000000     0.000000000  0.000000     0.000000000     0.000000     0.000000     0.000000     0.000000000000   
147.656250000000000  0.000000     0.000000     0.000000000  0.000000     0.000000000     0.000000     0.000000     0.000000     0.000000000000   
148.593750000000000  0.000000     0.000000     0.000000000  0.000000     0.000000000     0.000000     0.000000     0.000000     0.000000000000   
149.531250000000000  0.000000     0.000000     0.000000000  0.000000     0.000000000     0.000000     0.000000     0.000000     0.000000000000   
150.468750000000000  0.000000     0.000000     0.000000000  0.000000     0.000000000     0.000000     0.000000     0.000000     0.000000000000   
151.406250000000000  0.000000     0.000000     0.000000000  0.000000     0.000000000     0.000000     0.000000     0.000000     0.000000000000   
152.343750000000000  0.000000     0.000000     0.000000000  0.000000     0.000000000     0.000000     0.000000     0.000000     0.000000000000   
153.281250000000000  0.000000     0.000000     0.000000000  0.000000     0.000000000     0.000000     0.000000     0.000000     0.000000000000   
154.218750000000000  0.000000     0.000000     0.000000000  0.000000     0.000000000     0.000000     0.000000     0.000000     0.000000000000   
155.156250000000000  0.000000     0.000000     0.000000000  0.000000     0.000000000     0.000000     0.000000     0.000000     0.000000000000   
156.093750000000000  0.000000     0.000000     0.000000000  0.000000     0.000000000     0.000000     0.000000     0.000000     0.000000000000   
157.031250000000000  0.000000     0.000000     0.000000000  0.000000     0.000000000     0.000000     0.000000     0.000000     0.000000000000   
157.968750000000000  0.000000     0.000000     0.000000000  0.000000     0.000000000     0.000000     0.000000     0.000000     0.000000000000   
158.906250000000000  0.000000     0.000000     0.000000000  0.000000     0.000000000     0.000000     0.000000     0.000000     0.000000000000   
159.843750000000000  0.000000     0.000000     0.000000000  0.000000     0.000000000     0.000000     0.000000     0.000000     0.000000000000   
160.781250000000000  0.000000     0.000000     0.000000000  0.000000     0.000000000     0.000000     0.000000     0.000000     0.000000000000   
161.718750000000000  0.000000     0.000000     0.000000000  0.000000     0.000000000     0.000000     0.000000     0.000000     0.000000000000   
162.656250000000000  0.000000     0.000000     0.000000000  0.000000     0.000000000     0.000000     0.000000     0.000000     0.000000000000   
163.593750000000000  0.000000     0.000000     0.000000000  0.000000     0.000000000     0.000000     0.000000     0.000000     0.000000000000   
164.531250000000000  0.000000     0.000000     0.000000000  0.000000     0.000000000     0.000000     0.000000     0.000000     0.000000000000   
165.468750000000000  0.000000     0.000000     0.000000000  0.000000     0.000000000     0.000000     0.000000     0.000000     0.000000000000   
166.406250000000000  0.000000     0.000000     0.000000000  0.000000     0.000000000     0.000000     0.000000     0.000000     0.000000000000   
167.343750000000000  0.000000     0.000000     0.000000000  0.000000     0.000000000     0.000000     0.000000     0.000000     0.000000000000   
168.281250000000000  0.000000     0.000000     0.000000000  0.000000     0.000000000     0.000000     0.000000     0.000000     0.000000000000   
169.218750000000000  0.000000     0.000000     0.000000000  0.000000     0.000000000     0.000000     0.000000     0.000000     0.000000000000   
170.156250000000000  0.000000     0.000000     0.000000000  0.000000     0.000000000     0.000000     0.000000     0.000000     0.000000000000   
171.093750000000000  0.000000     0.000000     0.000000000  0.000000     0.000000000     0.000000     0.000000     0.000000     0.000000000000   
172.031250000000000  0.000000     0.000000     0.000000000  0.000000     0.000000000     0.000000     0.000000     0.000000     0.000000000000   
172.968750000000000  0.000000     0.000000     0.000000000  0.000000     0.000000000     0.000000     0.000000     0.000000     0.000000000000   
173.906250000000000  0.000000     0.000000     0.000000000  0.000000     0.000000000     0.000000     0.000000     0.000000     0.000000000000   
174.843750000000000  0.000000     0.000000     0.000000000  0.000000     0.000000000     0.000000     0.000000     0.000000     0.000000000000   
175.781250000000000  0.000000     0.000000     0.000000000  0.000000     0.000000000     0.000000     0.000000     0.000000     0.000000000000   
176.718750000000000  0.000000     0.000000     0.000000000  0.000000     0.000000000     0.000000     0.000000     0.000000     0.000000000000   
177.656250000000000  0.000000     0.000000     0.000000000  0.000000     0.000000000     0.000000     0.000000     0.000000     0.000000000000   
178.593750000000000  0.000000     0.000000     0.000000000  0.000000     0.000000000     0.000000     0.000000     0.000000     0.000000000000   
179.531250000000000  0.000000     0.000000     0.000000000  0.000000     0.000000000     0.000000     0.000000     0.000000     0.000000000000   
180.468750000000000  0.000000     0.000000     0.000000000  0.000000     0.000000000     0.000000     0.000000     0.000000     0.000000000000   
181.406250000000000  0.000000     0.000000     0.000000000  0.000000     0.000000000     0.000000     0.000000     0.000000     0.000000000000   
182.343750000000000  0.000000     0.000000     0.000000000  0.000000     0.000000000     0.000000     0.000000     0.000000     0.000000000000   
183.281250000000000  0.000000     0.000000     0.000000000  0.000000     0.000000000     0.000000     0.000000     0.000000     0.000000000000   
184.218750000000000  0.000000     0.000000     0.000000000  0.000000     0.000000000     0.000000     0.000000     0.000000     0.000000000000   
185.156250000000000  0.000000     0.000000     0.000000000  0.000000     0.000000000     0.000000     0.000000     0.000000     0.000000000000   
186.093750000000000  0.000000     0.000000     0.000000000  0.000000     0.000000000     0.000000     0.000000     0.000000     0.000000000000   
187.031250000000000  0.000000     0.000000     0.000000000  0.000000     0.000000000     0.000000     0.000000     0.000000     0.000000000000   
187.968750000000000  0.000000     0.000000     0.000000000  0.000000     0.000000000     0.000000     0.000000     0.000000     0.000000000000   
188.906250000000000  0.000000     0.000000     0.000000000  0.000000     0.000000000     0.000000     0.000000     0.000000     0.000000000000   
189.843750000000000  0.000000     0.000000     0.000000000  0.000000     0.000000000     0.000000     0.000000     0.000000     0.000000000000   
190.781250000000000  0.000000     0.000000     0.000000000  0.000000     0.000000000     0.000000     0.000000     0.000000     0.000000000000   
191.718750000000000  0.000000     0.000000     0.000000000  0.000000     0.000000000     0.000000     0.000000     0.000000     0.000000000000   
192.656250000000000  0.000000     0.000000     0.000000000  0.000000     0.000000000     0.000000     0.000000     0.000000     0.000000000000   
193.593750000000000  0.000000     0.000000     0.000000000  0.000000     0.000000000     0.000000     0.000000     0.000000     0.000000000000   
194.531250000000000  0.000000     0.000000     0.000000000  0.000000     0.000000000     0.000000     0.000000     0.000000     0.000000000000   
195.468750000000000  0.000000     0.000000     0.000000000  0.000000     0.000000000     0.000000     0.000000     0.000000     0.000000000000   
196.406250000000000  0.000000     0.000000     0.000000000  0.000000     0.000000000     0.000000     0.000000     0.000000     0.000000000000   
197.343750000000000  0.000000     0.000000     0.000000000  0.000000     0.000000000     0.000000     0.000000     0.000000     0.000000000000   
198.281250000000000  0.000000     0.000000     0.000000000  0.000000     0.000000000     0.000000     0.000000     0.000000     0.000000000000   
199.218750000000000  0.000000     0.000000     0.000000000  0.000000     0.000000000     0.000000     0.000000     0.000000     0.000000000000   
200.156250000000000  0.000000     0.000000     0.000000000  0.000000     0.000000000     0.000000     0.000000     0.000000     0.000000000000   
201.093750000000000  0.000000     0.000000     0.000000000  0.000000     0.000000000     0.000000     0.000000     0.000000     0.000000000000   
202.031250000000000  0.000000     0.000000     0.000000000  0.000000     0.000000000     0.000000     0.000000     0.000000     0.000000000000   
202.968750000000000  0.000000     0.000000     0.000000000  0.000000     0.000000000     0.000000     0.000000     0.000000     0.000000000000   
203.906250000000000  0.000000     0.000000     0.000000000  0.000000     0.000000000     0.000000     0.000000     0.000000     0.000000000000   
204.843750000000000  0.000000     0.000000     0.000000000  0.000000     0.000000000     0.000000     0.000000     0.000000     0.000000000000   
205.781250000000000  0.000000     0.000000     0.000000000  0.000000     0.000000000     0.000000     0.000000     0.000000     0.000000000000   
206.718750000000000  0.000000     0.000000     0.000000000  0.000000     0.000000000     0.000000     0.000000     0.000000     0.000000000000   
207.656250000000000  0.000000     0.000000     0.000000000  0.000000     0.000000000     0.000000     0.000000     0.000000     0.000000000000   
208.593750000000000  0.000000     0.000000     0.000000000  0.000000     0.000000000     0.000000     0.000000     0.000000     0.000000000000   
209.531250000000000  0.000000     0.000000     0.000000000  0.000000     0.000000000     0.000000     0.000000     0.000000     0.000000000000   
210.468750000000000  0.000000     0.000000     0.000000000  0.000000     0.000000000     0.000000     0.000000     0.000000     0.000000000000   
211.406250000000000  0.000000     0.000000     0.000000000  0.000000     0.000000000     0.000000     0.000000     0.000000     0.000000000000   
212.343750000000000  0.000000     0.000000     0.000000000  0.000000     0.000000000     0.000000     0.000000     0.000000     0.000000000000   
213.281250000000000  0.000000     0.000000     0.000000000  0.000000     0.000000000     0.000000     0.000000     0.000000     0.000000000000   
214.218750000000000  0.000000     0.000000     0.000000000  0.000000     0.000000000     0.000000     0.000000     0.000000     0.000000000000   
215.156250000000000  0.000000     0.000000     0.000000000  0.000000     0.000000000     0.000000     0.000000     0.000000     0.000000000000   
216.093750000000000  0.000000     0.000000     0.000000000  0.000000     0.000000000     0.000000     0.000000     0.000000     0.000000000000   
217.031250000000000  0.000000     0.000000     0.000000000  0.000000     0.000000000     0.000000     0.000000     0.000000     0.000000000000   
217.968750000000000  0.000000     0.000000     0.000000000  0.000000     0.000000000     0.000000     0.000000     0.000000     0.000000000000   
218.906250000000000  0.000000     0.000000     0.000000000  0.000000     0.000000000     0.000000     0.000000     0.000000     0.000000000000   
219.843750000000000  0.000000     0.000000     0.000000000  0.000000     0.000000000     0.000000     0.000000     0.000000     0.000000000000   
220.781250000000000  0.000000     0.000000     0.000000000  0.000000     0.000000000     0.000000     0.000000     0.000000     0.000000000000   
221.718750000000000  0.000000     0.000000     0.000000000  0.000000     0.000000000     0.000000     0.000000     0.000000     0.000000000000   
222.656250000000000  0.000000     0.000000     0.000000000  0.000000     0.000000000     0.000000     0.000000     0.000000     0.000000000000   
223.593750000000000  0.000000     0.000000     0.000000000  0.000000     0.000000000     0.000000     0.000000     0.000000     0.000000000000   
224.531250000000000  0.000000     0.000000     0.000000000  0.000000     0.000000000     0.000000     0.000000     0.000000     0.000000000000   
225.468750000000000  0.000000     0.000000     0.000000000  0.000000     0.000000000     0.000000     0.000000     0.000000     0.000000000000   
226.406250000000000  0.000000     0.000000     0.000000000  0.000000     0.000000000     0.000000     0.000000     0.000000     0.000000000000   
227.343750000000000  0.000000     0.000000     0.000000000  0.000000     0.000000000     0.000000     0.000000     0.000000     0.000000000000   
228.281250000000000  0.000000     0.000000     0.000000000  0.000000     0.000000000     0.000000     0.000000     0.000000     0.000000000000   
229.218750000000000  0.000000     0.000000     0.000000000  0.000000     0.000000000     0.000000     0.000000     0.000000     0.000000000000   
230.156250000000000  0.000000     0.000000     0.000000000  0.000000     0.000000000     0.000000     0.000000     0.000000     0.000000000000   
231.093750000000000  0.000000     0.000000     0.000000000  0.000000     0.000000000     0.000000     0.000000     0.000000     0.000000000000   
232.031250000000000  0.000000     0.000000     0.000000000  0.000000     0.000000000     0.000000     0.000000     0.000000     0.000000000000   
232.968750000000000  0.000000     0.000000     0.000000000  0.000000     0.000000000     0.000000     0.000000     0.000000     0.000000000000   
233.906250000000000  0.000000     0.000000     0.000000000  0.000000     0.000000000     0.000000     0.000000     0.000000     0.000000000000   
234.843750000000000  0.000000     0.000000     0.000000000  0.000000     0.000000000     0.000000     0.000000     0.000000     0.000000000000   
235.781250000000000  0.000000     0.000000     0.000000000  0.000000     0.000000000     0.000000     0.000000     0.000000     0.000000000000   
236.718750000000000  0.000000     0.000000     0.000000000  0.000000     0.000000000     0.000000     0.000000     0.000000     0.000000000000   
237.656250000000000  0.000000     0.000000     0.000000000  0.000000     0.000000000     0.000000     0.000000     0.000000     0.000000000000   
238.593750000000000  0.000000     0.000000     0.000000000  0.000000     0.000000000     0.000000     0.000000     0.000000     0.000000000000   
239.531250000000000  0.000000     0.000000     0.000000000  0.000000     0.000000000     0.000000     0.000000     0.000000     0.000000000000   
