# area of facets
128.000000
64.000000
64.000000
128.000000
128.000000
64.000000
128.000000
128.000000
32.000000
64.000000
32.000000
128.000000
64.000000
128.000000
64.000000
32.000000
64.000000
64.000000
32.000000
64.000000
64.000000
128.000000
64.000000
64.000000
64.000000
128.000000
128.000000
64.000000
32.000000
64.000000
64.000000
32.000000
64.000000
64.000000
64.000000
64.000000
64.000000
64.000000
64.000000
64.000000
32.000000
32.000000
50.000000
50.000000
30.000000
18.000000
30.000000
30.000000
18.000000
30.000000
50.000000
50.000000
30.000000
21.000000
30.000000
35.000000
21.000000
35.000000
50.000000
50.000000
30.000000
21.000000
30.000000
35.000000
21.000000
35.000000
50.000000
50.000000
35.000000
21.000000
35.000000
30.000000
21.000000
30.000000
50.000000
50.000000
35.000000
21.000000
35.000000
30.000000
21.000000
30.000000
50.000000
50.000000
30.000000
18.000000
30.000000
30.000000
18.000000
30.000000
50.000000
50.000000
30.000000
21.000000
30.000000
35.000000
21.000000
35.000000
50.000000
50.000000
30.000000
21.000000
30.000000
35.000000
21.000000
35.000000
50.000000
50.000000
35.000000
21.000000
35.000000
30.000000
21.000000
30.000000
50.000000
50.000000
35.000000
21.000000
35.000000
30.000000
21.000000
30.000000
50.000000
50.000000
30.000000
18.000000
30.000000
30.000000
18.000000
30.000000
50.000000
50.000000
30.000000
21.000000
30.000000
35.000000
21.000000
35.000000
50.000000
50.000000
30.000000
21.000000
30.000000
35.000000
21.000000
35.000000
50.000000
50.000000
35.000000
21.000000
35.000000
30.000000
21.000000
30.000000
50.000000
50.000000
35.000000
21.000000
35.000000
30.000000
21.000000
30.000000
50.000000
50.000000
30.000000
18.000000
30.000000
30.000000
18.000000
30.000000
50.000000
50.000000
30.000000
21.000000
30.000000
35.000000
21.000000
35.000000
50.000000
50.000000
30.000000
21.000000
30.000000
35.000000
21.000000
35.000000
50.000000
50.000000
35.000000
21.000000
35.000000
30.000000
21.000000
30.000000
50.000000
50.000000
35.000000
21.000000
35.000000
30.000000
21.000000
30.000000
